px	py	v	yaw_angle	yaw_rate	px_measured	py_measured	px_true	py_true	vx_true	vy_true	NIS
0	0	0	0	0	0	0	0	0	0	0	0
0	-4.63554e-310	0	0	0	0	0	0	0	0	0	0
1.55943	-0.240912	1.94508	4.14656e-05	5.11569e-05	1.55945	-0.138501	2.09897	0.0522228	2.19595	0.109339	-3.14315
1.36739	-0.445467	1.65837	0.00779932	0.00968316	1.81209	0.0474826	2.09897	0.0522228	2.19595	0.109339	0.196073
3.88225	-0.15076	2.84831	1.29907	0.731991	3.89093	-0.134166	4.29136	0.215312	2.28434	0.226323	1.15454
3.94806	0.048162	4.23652	0.972809	0.527347	4.19528	0.218461	4.29136	0.215312	2.28434	0.226323	5.66784
6.85285	0.434434	1.44036	0.603408	0.107953	6.86352	0.416817	6.56942	0.496096	2.36382	0.348847	3.43183
6.79031	0.482366	2.61729	0.579577	0.0729559	6.43926	0.472879	6.56942	0.496096	2.36382	0.348847	4.13618
9.06903	0.631572	1.8023	-0.0483754	-0.420338	9.07733	0.593211	8.92437	0.89924	2.43359	0.474526	2.38886
9.05904	0.710717	2.45697	-0.0142411	-0.392277	8.89749	0.886982	8.92437	0.89924	2.43359	0.474526	1.88037
11.5626	1.61433	2.36388	0.452427	0.198795	11.5756	1.6669	11.3468	1.427	2.49328	0.600781	3.51311
11.549	1.57942	2.59534	0.425713	0.169247	11.4447	1.42958	11.3468	1.427	2.49328	0.600781	0.520867
13.5941	2.32699	2.15208	0.388491	0.0277065	13.5921	2.31191	13.827	2.07905	2.5429	0.724947	0.336881
13.6201	2.29684	2.54264	0.355013	0.00217469	13.6572	1.99915	13.827	2.07905	2.5429	0.724947	0.936649
16.6203	2.9118	3.39875	0.0900792	-0.1835	16.6456	2.903	16.3554	2.85243	2.58284	0.844365	0.95954
16.5359	2.88919	2.8595	0.0931167	-0.185871	16.282	2.84648	16.3554	2.85243	2.58284	0.844365	1.4996
19.0159	3.68377	2.56994	0.318765	0.0965711	19.0106	3.70555	18.923	3.74161	2.61382	0.95648	0.852446
19.0823	3.70513	2.57179	0.332152	0.108292	19.363	3.87122	18.923	3.74161	2.61382	0.95648	1.32373
21.3298	4.72837	2.49203	0.515912	0.159883	21.3312	4.73205	21.5215	4.73855	2.63679	1.05891	0.194117
21.3862	4.73961	2.89511	0.473465	0.12527	21.6213	4.74762	21.5215	4.73855	2.63679	1.05891	0.854921
24.069	5.58331	2.89562	0.272374	-0.0944734	24.0787	5.56967	24.1437	5.83295	2.65286	1.14953	0.503292
24.175	5.61725	3.10972	0.25934	-0.103658	24.5601	5.92334	24.1437	5.83295	2.65286	1.14953	2.85257
26.6174	6.94461	2.73853	0.528042	0.154946	26.6052	6.96102	26.7833	7.01246	2.6632	1.22647	0.779658
26.6171	6.93888	3.05113	0.514066	0.133663	26.5419	6.90075	26.7833	7.01246	2.6632	1.22647	0.310894
29.5692	8.09857	3.34303	0.326815	-0.0974597	29.5864	8.08789	29.4352	8.26299	2.66893	1.28822	0.638638
29.548	8.09361	3.08906	0.333866	-0.0925933	29.4716	8.24519	29.4352	8.26299	2.66893	1.28822	0.186422
31.9521	9.85735	2.94069	0.715507	0.239684	31.9416	9.88017	32.0955	9.56901	2.67105	1.33358	1.15687
31.9142	9.83529	3.03191	0.701461	0.221114	31.7928	9.49891	32.0955	9.56901	2.67105	1.33358	0.738411
34.5933	10.7284	2.52797	0.269508	-0.243167	34.6157	10.6988	34.7608	10.9139	2.67035	1.3617	2.38532
34.6996	10.7726	2.97156	0.245747	-0.256402	35.0599	10.9953	34.7608	10.9139	2.67035	1.3617	2.68517
37.1489	12.0624	2.68666	0.481298	0.0862282	37.1404	12.0883	37.4287	12.2803	2.66736	1.37209	1.27017
37.2351	12.0873	3.05861	0.485047	0.0819308	37.4973	12.2943	37.4287	12.2803	2.66736	1.37209	1.61032
40.3101	13.4674	3.69716	0.396393	-0.0419881	40.3285	13.4666	40.0971	13.6505	2.66232	1.36459	0.478462
40.2248	13.4392	3.09382	0.413298	-0.0279183	39.9009	13.6243	40.0971	13.6505	2.66232	1.36459	1.64086
42.7707	14.8239	3.02122	0.515579	0.0633749	42.7664	14.8294	42.7638	15.0065	2.65515	1.33938	0.0905847
42.7529	14.8194	3.15962	0.511763	0.0567196	42.5714	14.9817	42.7638	15.0065	2.65515	1.33938	0.259767
45.3554	16.5479	3.32914	0.628112	0.0981973	45.3572	16.5524	45.4265	16.3307	2.64546	1.29701	0.0373774
45.3982	16.5629	3.26876	0.629563	0.103204	45.649	16.5213	45.4265	16.3307	2.64546	1.29701	0.684568
48.1487	17.3115	2.56441	0.210895	-0.262364	48.1541	17.2835	48.0823	17.6063	2.6326	1.23832	1.65482
48.1323	17.3144	2.76525	0.218877	-0.251831	47.9331	17.5349	48.0823	17.6063	2.6326	1.23832	0.298342
50.6216	19.0239	2.86062	0.761586	0.310249	50.6228	19.0721	50.7276	18.8172	2.61569	1.16454	3.25858
50.6115	19.0079	3.09337	0.74085	0.280557	50.5737	18.7834	50.7276	18.8172	2.61569	1.16454	0.330307
53.6889	19.9275	2.82404	0.160323	-0.328835	53.7268	19.8982	53.3577	19.9486	2.59372	1.07716	3.96087
53.6576	19.9166	2.79864	0.169364	-0.321167	53.5277	19.862	53.3577	19.9486	2.59372	1.07716	0.272114
56.0359	21.0565	2.49906	0.450912	0.101306	56.0322	21.0923	55.9669	20.9874	2.56561	0.978022	1.89991
56.013	21.0428	2.6793	0.440277	0.0878763	55.867	20.985	55.9669	20.9874	2.56561	0.978022	0.41188
58.6503	21.7961	2.86895	0.227871	-0.123563	58.6632	21.7821	58.5484	21.9225	2.53033	0.869205	0.506194
58.6501	21.7974	2.8793	0.228664	-0.122783	58.5799	21.9815	58.5484	21.9225	2.53033	0.869205	0.0113468
60.8844	22.7744	2.40987	0.405586	0.0805911	60.8722	22.7876	61.0941	22.7449	2.48697	0.753031	0.577072
60.8687	22.7649	2.65554	0.398211	0.0716577	60.7648	22.6398	61.0941	22.7449	2.48697	0.753031	0.407709
63.3753	23.4199	2.6798	0.223185	-0.100889	63.3821	23.4069	63.5955	23.4479	2.43482	0.631987	0.308968
63.4512	23.4459	2.60142	0.217868	-0.108444	63.7478	23.7442	63.5955	23.4479	2.43482	0.631987	2.01138
66.3256	23.9891	3.26252	0.162843	-0.0688493	66.3403	23.9959	66.0431	24.0276	2.37349	0.508655	0.347261
66.2171	23.947	2.45084	0.13685	-0.0989237	65.8838	23.9541	66.0431	24.0276	2.37349	0.508655	2.69913
68.2616	24.3491	2.74395	0.157497	-0.0147411	68.262	24.3582	68.4273	24.4824	2.30293	0.385623	0.240096
68.3512	24.3795	2.58939	0.175108	-0.00388901	68.6759	24.6059	68.4273	24.4824	2.30293	0.385623	2.04241
70.8253	24.8807	2.69831	0.223783	0.032382	70.8275	24.8844	70.7384	24.8137	2.22347	0.265395	0.0233137
70.7831	24.8654	2.31492	0.217593	0.0243142	70.7403	24.6728	70.7384	24.8137	2.22347	0.265395	0.458397
72.8918	24.739	2.11377	-0.128526	-0.23238	72.8923	24.7135	72.9675	25.025	2.13584	0.150292	0.897739
72.9418	24.7601	2.4281	-0.13329	-0.231145	73.0732	25.0343	72.9675	25.025	2.13584	0.150292	0.700254
74.9985	25.2285	1.94012	0.236397	0.155334	75.0021	25.2595	75.1062	25.1224	2.04114	0.0423626	1.52539
74.9937	25.2239	2.03415	0.234243	0.153195	74.9748	25.1377	75.1062	25.1224	2.04114	0.0423626	0.0477053
77.1098	24.9713	2.01368	-0.212299	-0.257298	77.1225	24.9297	77.1475	25.1137	1.9408	-0.0566978	1.77659
77.1292	24.9747	1.93486	-0.219421	-0.268688	77.1386	25.2948	77.1475	25.1137	1.9408	-0.0566978	0.192627
79.0877	25.0004	2.01185	0.0609977	0.0957942	79.1089	25.0369	79.0861	25.0086	1.83649	-0.145607	1.46687
79.0929	25.0052	1.85838	0.0604456	0.0948108	79.1718	24.9698	79.0861	25.0086	1.83649	-0.145607	0.106724
80.8086	24.8839	1.76649	-0.0485792	-0.0389411	80.8074	24.8688	80.9183	24.8178	1.73008	-0.223536	0.200603
80.8585	24.8966	1.64818	-0.0478916	-0.0452447	81.1423	24.8704	80.9183	24.8178	1.73008	-0.223536	0.983354
82.6154	24.6442	1.95366	-0.167328	-0.0912679	82.6216	24.6393	82.6423	24.5525	1.6235	-0.29012	0.0872232
82.594	24.6358	1.70301	-0.187053	-0.113174	82.5085	24.8114	82.6423	24.5525	1.6235	-0.29012	0.163849
84.1674	24.5325	1.67459	-0.0410446	0.051729	84.1733	24.5504	84.2584	24.2245	1.51869	-0.345444	0.287064
84.176	24.5348	1.62448	-0.0396736	0.051541	84.2898	24.3312	84.2584	24.2245	1.51869	-0.345444	0.0504484
85.6426	23.8467	1.52453	-0.506453	-0.278987	85.6378	23.808	85.7688	23.8451	1.41749	-0.390006	1.17156
85.7047	23.8676	1.74832	-0.477314	-0.249544	85.9743	23.7547	85.7688	23.8451	1.41749	-0.390006	0.842509
86.9378	23.5028	1.20832	-0.370803	-0.0263708	86.9449	23.527	87.1776	23.4252	1.32159	-0.424654	0.661281
87.0608	23.5334	1.34367	-0.294618	0.0247704	87.6171	23.5127	87.1776	23.4252	1.32159	-0.424654	3.89861
88.8085	22.8027	2.2001	-0.434128	-0.0776779	88.8227	22.7869	88.4904	22.9745	1.23248	-0.450514	0.606372
88.7255	22.774	1.7842	-0.521984	-0.163928	88.4191	22.9498	88.4904	22.9745	1.23248	-0.450514	1.3786
89.514	22.2967	0.77631	-0.583628	-0.113612	89.4967	22.3082	89.7145	22.5017	1.15138	-0.468904	0.705567
89.5835	22.3074	1.10007	-0.529761	-0.0720241	89.7821	22.4826	89.7145	22.5017	1.15138	-0.468904	1.01647
90.5111	21.6695	1.23299	-0.610441	-0.0771312	90.5133	21.6677	90.858	22.0141	1.07929	-0.481241	0.0126063
90.5945	21.6871	1.40684	-0.53358	-0.0218738	90.8419	22.0974	90.858	22.0141	1.07929	-0.481241	1.64677
91.7122	21.1065	1.35889	-0.409868	0.0635215	91.7178	21.1152	91.9302	21.5174	1.01698	-0.488964	0.0794615
91.7776	21.1243	1.16911	-0.389487	0.0633937	92.0492	21.5289	91.9302	21.5174	1.01698	-0.488964	1.80308
92.8497	20.9316	1.17306	-0.0620295	0.223041	92.8599	20.9537	92.9411	21.016	0.964993	-0.493443	0.297879
92.9278	20.9512	0.997449	-0.0224024	0.242487	93.3186	21.0712	92.9411	21.016	0.964993	-0.493443	2.32374
93.4754	20.2895	0.325803	-0.580146	-0.21905	93.4668	20.2155	93.9011	20.513	0.92369	-0.495919	2.74992
93.5601	20.3146	1.00131	-0.558595	-0.191517	93.7423	20.5071	93.9011	20.513	0.92369	-0.495919	1.74015
95.2678	19.6343	2.20802	-0.146435	0.156259	95.3229	19.6585	94.8209	20.01	0.893308	-0.497439	2.50092
95.0896	19.6199	1.19517	-0.401418	-0.0165011	94.494	19.8854	94.8209	20.01	0.893308	-0.497439	6.38606
95.5165	19.6752	0.193512	-0.11938	0.145145	95.5039	19.6984	95.7116	19.5078	0.87398	-0.498816	0.893343
95.5525	19.666	0.727335	-0.103024	0.156051	95.6097	19.5804	95.7116	19.5078	0.87398	-0.498816	0.631865
96.263	19.2282	0.808985	-0.554865	-0.186883	96.2641	19.1597	96.5842	19.0065	0.865773	-0.500589	1.47664
96.3116	19.2396	1.00124	-0.526691	-0.163434	96.559	18.8688	96.5842	19.0065	0.865773	-0.500589	0.502686
97.4998	18.7109	1.53828	-0.315748	0.0404284	97.5286	18.727	97.45	18.506	0.868716	-0.503009	0.722602
97.4688	18.7085	1.16086	-0.390698	-0.0137018	97.5333	18.1735	97.45	18.506	0.868716	-0.503009	0.393075
98.2161	18.3697	0.842464	-0.358033	0.0105579	98.2105	18.3739	98.3198	18.0049	0.882805	-0.506023	0.0750344
98.2464	18.374	0.88369	-0.341416	0.0200966	98.4162	18.1556	98.3198	18.0049	0.882805	-0.506023	0.229308
99.0548	17.4267	1.24162	-1.09072	-0.417167	99.0363	17.357	99.2049	17.503	0.908006	-0.509278	2.19622
99.0677	17.4798	1.58179	-0.867299	-0.198672	98.9782	17.2949	99.2049	17.503	0.908006	-0.509278	1.397
99.9753	16.9636	0.885854	-0.631016	0.0561713	99.9969	16.9882	100.117	17.0001	0.944242	-0.512134	1.0006
100.067	16.9732	1.07645	-0.553355	0.108066	100.441	16.9521	100.117	17.0001	0.944242	-0.512134	1.92623
101.187	16.5218	1.36332	-0.241751	0.231366	101.204	16.5368	101.065	16.497	0.991362	-0.513687	0.262495
101.168	16.5227	1.07778	-0.266354	0.206836	101.169	16.4353	101.065	16.497	0.991362	-0.513687	0.18878
102.377	16.3892	1.42032	0.0678235	0.279152	102.387	16.3992	102.063	15.9949	1.04911	-0.512803	0.15536
102.292	16.3787	1.05202	0.0423772	0.261692	102.081	15.8359	102.063	15.9949	1.04911	-0.512803	1.46977
103.001	15.4471	0.377738	-0.855045	-0.39259	103.003	15.353	103.119	15.4967	1.11708	-0.508169	4.87702
102.99	15.4756	1.3117	-0.793405	-0.313959	102.776	15.1195	103.119	15.4967	1.11708	-0.508169	3.80247
104.08	15.2369	0.802499	-0.37112	0.107308	104.114	15.2708	104.244	15.0064	1.19469	-0.498349	1.87953
104.053	15.2116	1.24547	-0.359405	0.114853	103.905	14.7607	104.244	15.0064	1.19469	-0.498349	1.06025
105.531	14.4621	1.98026	-0.500014	-0.0300611	105.541	14.4412	105.447	14.5293	1.28111	-0.481861	0.570472
105.464	14.4465	1.66411	-0.565708	-0.089671	105.316	14.0026	105.447	14.5293	1.28111	-0.481861	0.868473
106.817	14.0265	1.42454	-0.249869	0.151061	106.831	14.0482	106.737	14.0724	1.37529	-0.457255	0.630826
106.757	14.0166	1.50025	-0.274259	0.138009	106.439	14.2401	106.737	14.0724	1.37529	-0.457255	1.13513
108.085	13.6629	1.47446	-0.173021	0.115124	108.084	13.6604	108.122	13.644	1.47592	-0.423202	0.0060761
108.098	13.6643	1.57595	-0.167204	0.121135	108.131	13.6844	108.122	13.644	1.47592	-0.423202	0.0389302
109.534	13.5665	1.55167	0.0259669	0.165165	109.534	13.5714	109.606	13.2536	1.58144	-0.378583	0.0198607
109.496	13.5614	1.48959	0.0185887	0.160444	109.388	13.1556	109.606	13.2536	1.58144	-0.378583	0.355783
111.055	12.6484	1.54455	-0.73698	-0.408998	111.063	12.5814	111.196	12.9118	1.69008	-0.322574	3.35087
111.154	12.6919	2.17345	-0.657567	-0.310418	111.426	12.9557	111.196	12.9118	1.69008	-0.322574	2.3007
112.89	12.4517	1.2955	-0.22379	0.155462	112.913	12.4877	112.893	12.6299	1.7999	-0.254723	2.52627
112.899	12.4356	1.77854	-0.202517	0.167902	112.797	12.8241	112.893	12.6299	1.7999	-0.254723	0.553603
114.792	12.5321	2.05677	0.225924	0.336835	114.801	12.5506	114.699	12.4195	1.90891	-0.175007	0.373889
114.803	12.5367	1.89297	0.233063	0.342037	114.916	12.3187	114.699	12.4195	1.90891	-0.175007	0.174021
116.672	12.1519	1.55946	-0.207985	-0.157418	116.687	12.1035	116.611	12.2921	2.01507	-0.0838683	2.6077
116.728	12.1752	2.14546	-0.206157	-0.137991	116.871	12.0659	116.611	12.2921	2.01507	-0.0838683	0.962926
118.941	11.9855	2.40575	-0.0507925	0.0541638	118.953	12.0009	118.628	12.2586	2.11648	0.0177712	0.4285
118.924	11.9863	2.21437	-0.0572738	0.0492771	118.85	12.4063	118.628	12.2586	2.11648	0.0177712	0.102693
120.704	12.2776	1.7791	0.225402	0.204848	120.695	12.2918	120.743	12.3289	2.21139	0.128528	0.372073
120.76	12.2792	2.14482	0.224359	0.201882	120.934	12.1905	120.743	12.3289	2.21139	0.128528	0.635425
123.538	12.8365	3.24916	0.185466	0.0363245	123.568	12.8297	122.95	12.5114	2.29835	0.246599	1.22302
123.432	12.8205	2.4899	0.21411	0.0586025	123.142	12.7694	122.95	12.5114	2.29835	0.246599	2.36008
124.919	12.7932	1.19811	0.0461815	-0.0906885	124.894	12.7743	125.242	12.8125	2.37624	0.369827	1.44552
125.058	12.8195	2.40588	0.0349362	-0.0951586	125.376	12.9964	125.242	12.8125	2.37624	0.369827	4.50073
127.836	13.3079	3.10801	0.257751	0.12333	127.853	13.3273	127.609	13.2365	2.44434	0.495787	0.852693
127.754	13.3051	2.66919	0.261502	0.134056	127.506	13.153	127.609	13.2365	2.44434	0.495787	1.31916
129.953	13.7087	2.22533	0.211944	0.010584	129.947	13.6963	130.042	13.7853	2.50232	0.621879	0.290545
130.032	13.7179	2.42099	0.201148	0.00247586	130.334	13.781	130.042	13.7853	2.50232	0.621879	1.35578
132.092	14.4952	2.37466	0.387882	0.129733	132.092	14.507	132.53	14.458	2.55028	0.74543	0.330666
132.158	14.5018	2.6935	0.368367	0.113442	132.447	14.3423	132.53	14.458	2.55028	0.74543	1.07218
135.054	15.0619	3.14192	0.110354	-0.140838	135.074	15.0475	135.066	15.2513	2.58865	0.863795	0.859536
135.041	15.0518	2.69529	0.112648	-0.142358	135.127	14.6575	135.066	15.2513	2.58865	0.863795	0.457417
137.56	16.1833	2.73812	0.526566	0.241204	137.561	16.2147	137.639	16.1592	2.61821	0.974442	1.47304
137.6	16.1793	3.09403	0.509786	0.21294	137.653	16.5145	137.639	16.1592	2.61821	0.974442	0.394827
140.321	17.0286	2.78831	0.29179	-0.0886774	140.331	17.008	140.242	17.1733	2.63994	1.07503	0.976786
140.335	17.033	2.91755	0.286756	-0.0928233	140.305	17.5379	140.242	17.1733	2.63994	1.07503	0.0628882
142.893	17.9842	2.83491	0.343383	0.0122524	142.888	17.9918	142.868	18.2829	2.65497	1.16346	0.121453
142.631	17.986	2.84325	0.328165	-0.011715	142.626	18.1458	142.868	18.2829	2.65497	1.16346	0.56777
145.392	19.1531	2.97899	0.459485	0.0886343	145.392	19.1617	145.51	19.4754	2.66445	1.23795	0.116353
145.476	19.164	3.07632	0.455839	0.0848702	145.789	19.3785	145.51	19.4754	2.66445	1.23795	1.60064
148.244	20.4776	3.27402	0.44851	0.0197963	148.251	20.4754	148.163	20.7364	2.66951	1.29702	0.079442
148.225	20.4751	2.99816	0.463938	0.0392692	148.146	20.9376	148.163	20.7364	2.66951	1.29702	0.181869
150.687	22.1071	3.11855	0.63379	0.131257	150.686	22.1142	150.825	22.0502	2.67111	1.33953	0.0935888
150.684	22.1037	3.32406	0.617684	0.106921	150.649	21.8148	150.825	22.0502	2.67111	1.33953	0.187504
153.414	23.5034	3.12233	0.439479	-0.0950279	153.422	23.4909	153.491	23.3999	2.66999	1.3647	0.442679
153.401	23.4991	2.98288	0.446394	-0.0868945	153.466	22.9115	153.491	23.3999	2.66999	1.3647	0.0667477
156.045	24.804	3.12802	0.426126	-0.0398353	156.047	24.8084	156.159	24.7682	2.66666	1.37208	0.0356736
156.033	24.803	2.84183	0.438695	-0.0214477	156.009	25.0678	156.159	24.7682	2.66666	1.37208	0.189342
158.905	26.0268	2.7653	0.476518	0.0197359	158.905	26.0308	158.827	26.1372	2.66127	1.36157	0.190809
158.931	26.0318	3.13197	0.434229	-0.0150151	159.014	26.1903	158.827	26.1372	2.66127	1.36157	0.254611
161.418	27.4229	2.95005	0.516403	0.0516672	161.412	27.4256	161.493	27.4891	2.65371	1.33344	0.0761708
161.45	27.4289	2.9377	0.515893	0.0534781	161.529	27.8454	161.493	27.4891	2.65371	1.33344	0.30601
163.632	28.7718	2.60175	0.564781	0.0521758	163.625	28.7683	164.155	28.8064	2.64354	1.28825	0.0836763
163.753	28.7936	2.9816	0.532483	0.0204201	164.116	29.315	164.155	28.8064	2.64354	1.28825	3.04666
166.806	30.2073	3.72009	0.361819	-0.117564	166.828	30.2062	166.809	30.0721	2.63006	1.22694	0.659728
166.748	30.1912	3.0151	0.391378	-0.0818653	166.748	29.7121	166.809	30.0721	2.63006	1.22694	1.18198
169.108	31.3677	2.67014	0.437966	0.00862919	169.097	31.3717	169.452	31.2706	2.61238	1.15075	0.185987
169.226	31.3728	2.76992	0.413429	-0.0294128	169.345	30.7063	169.452	31.2706	2.61238	1.15075	0.933268
172.175	32.3425	2.73131	0.350652	-0.0528124	172.175	32.3404	172.079	32.3873	2.58945	1.06126	0.00704809
172.179	32.3441	2.87877	0.334918	-0.0649211	172.135	32.6666	172.079	32.3873	2.58945	1.06126	0.021426
174.646	33.4552	2.83937	0.428097	0.0407759	174.643	33.4625	174.685	33.4095	2.56021	0.960341	0.116325
174.628	33.4525	2.74922	0.431571	0.044947	174.474	33.9157	174.685	33.4095	2.56021	0.960341	0.0778765
177.028	34.2127	2.57487	0.2717	-0.0979697	177.03	34.2009	177.261	34.3262	2.52363	0.850119	0.224102
177.047	34.2157	2.56159	0.269417	-0.099537	177.211	33.8467	177.261	34.3262	2.52363	0.850119	0.119589
180.122	35.1294	3.65969	0.299788	-0.00908811	180.145	35.1423	179.799	35.1289	2.47883	0.732949	0.976258
179.988	35.1088	2.69284	0.320712	0.021319	179.543	35.4767	179.799	35.1289	2.47883	0.732949	3.7516
182.593	35.7586	2.8624	0.212915	-0.0677669	182.599	35.753	182.292	35.8114	2.42515	0.611338	0.106557
182.499	35.7391	2.51887	0.220965	-0.0619675	182.047	36.2626	182.292	35.8114	2.42515	0.611338	1.83931
184.735	36.5047	2.46531	0.345743	0.0665395	184.732	36.5155	184.73	36.37	2.36226	0.487877	0.17188
184.732	36.5052	2.2932	0.350011	0.0726914	184.833	36.1451	184.73	36.37	2.36226	0.487877	0.0807768
186.938	36.9554	2.34292	0.164174	-0.104035	186.946	36.9404	187.103	36.804	2.29017	0.365145	0.333795
187.005	36.9688	2.44807	0.156548	-0.10945	187.296	36.9375	187.103	36.804	2.29017	0.365145	1.07943
189.46	37.3982	2.70609	0.155005	-0.0365031	189.465	37.4052	189.401	37.1147	2.20928	0.245623	0.103589
189.477	37.4016	2.3293	0.15672	-0.0344749	189.738	36.951	189.401	37.1147	2.20928	0.245623	0.711199
191.733	37.5681	2.40118	0.0361399	-0.0930364	191.735	37.5631	191.615	37.3064	2.12037	0.131591	0.0388581
191.7	37.5601	2.19666	0.032087	-0.0982562	191.682	37.1147	191.615	37.3064	2.12037	0.131591	0.232877
193.481	37.2891	1.7852	-0.213773	-0.199302	193.471	37.2789	193.738	37.3853	2.02462	0.0250452	0.240454
193.513	37.2978	2.10073	-0.198866	-0.181481	193.555	37.4234	193.738	37.3853	2.02462	0.0250452	0.275237
195.966	37.3667	2.60373	0.15532	0.182207	195.991	37.3991	195.762	37.3598	1.92349	-0.072386	1.65525
195.859	37.3604	1.91933	0.123523	0.163055	195.507	37.4891	195.762	37.3598	1.92349	-0.072386	2.35953
197.722	37.7284	2.0489	0.27862	0.157421	197.725	37.7285	197.683	37.2395	1.81869	-0.159495	0.012905
197.677	37.72	1.92809	0.280526	0.158913	197.582	37.303	197.683	37.2395	1.81869	-0.159495	0.431436
199.292	37.3314	1.25561	-0.212121	-0.262042	199.294	37.2862	199.497	37.0353	1.71212	-0.235529	2.14955
199.32	37.3472	1.66602	-0.203327	-0.245339	199.356	37.3527	199.497	37.0353	1.71212	-0.235529	0.389636
201.519	36.9785	2.57926	-0.127289	-0.0298426	201.549	36.9973	201.203	36.7587	1.6057	-0.300201	1.1698
201.394	36.9593	1.81389	-0.212528	-0.100814	200.932	37.4694	201.203	36.7587	1.6057	-0.300201	3.08575
202.965	36.4584	1.74501	-0.340312	-0.118338	202.962	36.4568	202.801	36.4212	1.50137	-0.353671	0.00747666
202.924	36.4515	1.54098	-0.362337	-0.139487	202.65	37.2445	202.801	36.4212	1.50137	-0.353671	0.334362
203.993	36.1794	1.05086	-0.297148	-0.0101255	203.991	36.1967	204.294	36.0343	1.40095	-0.396497	0.323295
203.986	36.1708	1.52717	-0.284262	0.0069939	203.809	36.2941	204.294	36.0343	1.40095	-0.396497	0.826916
